it.	N	N_h	N_v
0	199	91	108
1	223	95	128
2	234	103	131
3	243	106	137
4	250	110	140
5	261	117	144
6	267	118	149
7	266	114	152
8	269	118	151
9	270	118	152
10	277	118	159
11	287	125	162
12	281	118	163
13	283	116	167
14	279	119	160
15	293	128	165
16	292	128	164
17	297	134	163
18	296	129	167
19	305	134	171
20	305	134	171
21	292	125	167
22	297	121	176
23	295	122	173
24	287	125	162
25	286	124	162
26	280	118	162
27	276	118	158
28	276	113	163
29	283	118	165
30	277	119	158
31	273	115	158
32	281	118	163
33	297	119	178
34	294	121	173
35	282	113	169
36	293	118	175
37	293	120	173
38	280	116	164
39	283	110	173
40	282	109	173
41	282	107	175
42	275	108	167
43	275	110	165
44	276	113	163
45	275	106	169
46	275	108	167
47	282	111	171
48	270	103	167
49	272	102	170
50	274	102	172
51	285	110	175
52	284	109	175
53	274	101	173
54	273	104	169
55	277	112	165
56	274	111	163
57	273	106	167
58	273	98	175
59	276	97	179
60	281	96	185
61	287	99	188
62	292	103	189
63	290	99	191
64	286	103	183
65	274	99	175
66	277	99	178
67	272	99	173
68	265	99	166
69	276	102	174
70	283	102	181
71	275	98	177
72	280	110	170
73	282	110	172
74	279	113	166
75	293	118	175
76	290	118	172
77	288	115	173
78	299	122	177
79	294	118	176
80	281	109	172
81	281	110	171
82	283	113	170
83	278	116	162
84	282	112	170
85	292	113	179
86	288	117	171
87	290	119	171
88	280	116	164
89	282	113	169
90	280	113	167
91	292	124	168
92	284	125	159
93	281	114	167
94	289	118	171
95	286	110	176
96	287	112	175
97	285	114	171
98	279	111	168
99	273	106	167
100	283	109	174
101	282	110	172
102	288	113	175
103	290	116	174
104	289	116	173
105	286	111	175
106	281	107	174
107	275	105	170
108	281	104	177
109	278	105	173
110	287	108	179
111	281	108	173
112	270	110	160
113	272	104	168
114	283	107	176
115	274	102	172
116	272	108	164
117	283	114	169
118	289	107	182
119	294	117	177
120	292	116	176
121	282	112	170
122	272	112	160
123	284	119	165
124	281	111	170
125	293	119	174
126	288	117	171
127	295	121	174
128	282	114	168
129	297	116	181
130	292	114	178
131	287	110	177
132	290	116	174
133	281	110	171
134	293	117	176
135	290	118	172
136	283	111	172
137	281	109	172
138	270	104	166
139	277	105	172
140	272	101	171
141	272	98	174
142	276	98	178
143	272	97	175
144	285	100	185
145	295	107	188
146	290	106	184
147	290	99	191
148	296	102	194
149	288	99	189
150	294	101	193
151	297	105	192
152	299	104	195
153	294	102	192
154	286	98	188
155	294	98	196
156	290	98	192
157	288	93	195
158	293	97	196
159	292	92	200
160	293	91	202
161	295	90	205
162	295	100	195
163	290	102	188
164	292	100	192
165	282	95	187
166	281	95	186
167	280	95	185
168	291	101	190
169	284	99	185
170	291	104	187
171	285	103	182
172	287	105	182
173	280	107	173
174	270	105	165
175	276	105	171
176	268	101	167
177	278	97	181
178	276	97	179
179	276	100	176
180	285	97	188
181	286	97	189
182	295	101	194
183	298	107	191
184	285	97	188
185	279	96	183
186	284	103	181
187	279	101	178
188	283	99	184
189	282	105	177
190	280	105	175
191	283	107	176
192	281	103	178
193	283	104	179
194	277	99	178
195	281	94	187
196	269	94	175
197	276	97	179
198	289	98	191
199	287	96	191
200	293	101	192
201	287	97	190
202	287	97	190
203	279	96	183
204	281	91	190
205	281	95	186
206	280	96	184
207	282	97	185
208	273	95	178
209	269	94	175
210	269	100	169
211	279	99	180
212	282	99	183
213	286	100	186
214	294	102	192
215	295	96	199
216	293	99	194
217	295	102	193
218	306	105	201
219	312	104	208
220	310	107	203
221	300	101	199
222	294	104	190
223	286	104	182
224	292	103	189
225	279	92	187
226	286	93	193
227	292	92	200
228	296	92	204
229	284	91	193
230	280	95	185
231	286	92	194
232	288	90	198
233	286	91	195
234	295	91	204
235	302	97	205
236	287	90	197
237	290	91	199
238	295	97	198
239	294	97	197
240	297	104	193
241	292	97	195
242	291	101	190
243	288	98	190
244	286	103	183
245	286	104	182
246	286	105	181
247	274	106	168
248	281	109	172
249	284	108	176
250	281	106	175
251	288	111	177
252	288	104	184
253	287	104	183
254	277	95	182
255	286	101	185
256	283	101	182
257	282	101	181
258	280	98	182
259	288	101	187
260	292	101	191
261	281	100	181
262	273	98	175
263	274	97	177
264	274	99	175
265	284	102	182
266	295	101	194
267	291	103	188
268	288	106	182
269	284	101	183
270	292	100	192
271	292	98	194
272	291	96	195
273	279	98	181
274	287	94	193
275	282	96	186
276	291	101	190
277	285	103	182
278	291	105	186
279	283	103	180
280	295	101	194
281	289	99	190
282	295	101	194
283	291	102	189
284	298	105	193
285	307	112	195
286	296	106	190
287	291	101	190
288	289	98	191
289	295	100	195
290	290	97	193
291	292	97	195
292	303	97	206
293	283	91	192
294	280	95	185
295	283	95	188
296	289	100	189
297	285	100	185
298	285	95	190
299	277	96	181
300	283	101	182
301	281	100	181
302	280	99	181
303	283	98	185
304	276	94	182
305	277	93	184
306	287	99	188
307	286	96	190
308	285	93	192
309	278	101	177
310	273	95	178
311	273	100	173
312	269	99	170
313	285	107	178
314	284	102	182
315	286	95	191
316	274	93	181
317	274	92	182
318	278	94	184
319	275	95	180
320	278	97	181
321	290	97	193
322	279	97	182
323	279	96	183
324	279	95	184
325	274	95	179
326	268	98	170
327	265	97	168
328	276	100	176
329	278	103	175
330	281	104	177
331	274	97	177
332	281	99	182
333	284	95	189
334	278	91	187
335	276	96	180
336	279	97	182
337	277	92	185
338	271	91	180
339	275	89	186
340	280	89	191
341	284	96	188
342	293	101	192
343	283	93	190
344	279	92	187
345	287	103	184
346	288	103	185
347	285	100	185
348	286	108	178
349	283	104	179
350	279	94	185
351	288	96	192
352	285	95	190
353	288	96	192
354	293	103	190
355	302	105	197
356	293	102	191
357	287	97	190
358	286	103	183
359	290	104	186
360	285	106	179
361	280	102	178
362	284	107	177
363	279	106	173
364	279	100	179
365	272	97	175
366	287	103	184
367	290	104	186
368	293	108	185
369	299	107	192
370	293	106	187
371	282	105	177
372	292	114	178
373	294	112	182
374	293	107	186
375	290	103	187
376	292	102	190
377	295	102	193
378	283	94	189
379	277	92	185
380	286	96	190
381	277	92	185
382	274	95	179
383	280	93	187
384	274	94	180
385	280	93	187
386	279	97	182
387	288	101	187
388	278	97	181
389	277	95	182
390	282	102	180
391	287	104	183
392	296	104	192
393	291	105	186
394	286	101	185
395	283	97	186
396	274	97	177
397	287	103	184
398	285	101	184
399	286	95	191
400	285	98	187
401	286	107	179
402	287	107	180
403	288	106	182
404	294	107	187
405	295	106	189
406	289	104	185
407	289	106	183
408	290	109	181
409	299	115	184
410	294	111	183
411	282	109	173
412	281	103	178
413	277	107	170
414	277	110	167
415	284	108	176
416	275	106	169
417	279	109	170
418	274	105	169
419	269	105	164
420	270	100	170
421	275	100	175
422	277	100	177
423	283	107	176
424	272	100	172
425	272	104	168
426	274	101	173
427	291	103	188
428	293	106	187
429	281	96	185
430	281	102	179
431	294	109	185
432	278	102	176
433	278	106	172
434	271	100	171
435	263	100	163
436	269	96	173
437	274	100	174
438	290	108	182
439	291	106	185
440	286	104	182
441	274	99	175
442	272	94	178
443	282	96	186
444	287	100	187
445	291	106	185
446	299	112	187
447	291	110	181
448	299	115	184
449	297	117	180
450	295	110	185
451	294	111	183
452	281	108	173
453	294	111	183
454	285	107	178
455	279	100	179
456	285	100	185
457	291	106	185
458	282	102	180
459	281	100	181
460	286	97	189
461	278	94	184
462	273	98	175
463	280	96	184
464	281	98	183
465	283	103	180
466	292	105	187
467	289	104	185
468	292	107	185
469	291	107	184
470	289	99	190
471	293	104	189
472	286	101	185
473	272	91	181
474	258	79	179
475	282	91	191
476	281	90	191
477	277	96	181
478	282	99	183
479	268	93	175
480	271	95	176
481	283	95	188
482	286	98	188
483	284	104	180
484	284	105	179
485	291	107	184
486	291	108	183
487	294	106	188
488	296	108	188
489	290	103	187
490	278	104	174
491	273	101	172
492	279	107	172
493	274	105	169
494	277	111	166
495	274	111	163
496	270	110	160
497	279	117	162
498	279	115	164
499	279	111	168
500	281	108	173
501	290	110	180
502	290	110	180
503	291	111	180
504	291	113	178
505	290	108	182
506	284	105	179
507	283	110	173
508	285	109	176
509	284	113	171
510	282	117	165
511	289	117	172
512	291	124	167
513	288	125	163
514	290	119	171
515	270	109	161
516	265	108	157
517	263	109	154
518	257	98	159
519	267	102	165
520	265	102	163
521	269	103	166
522	272	102	170
523	277	103	174
524	277	104	173
525	282	104	178
526	290	107	183
527	289	106	183
528	277	108	169
529	266	98	168
530	275	100	175
531	280	100	180
532	290	107	183
533	295	102	193
534	287	104	183
535	276	97	179
536	274	102	172
537	280	105	175
538	283	110	173
539	275	107	168
540	271	107	164
541	276	103	173
542	277	103	174
543	276	100	176
544	276	97	179
545	283	95	188
546	285	97	188
547	279	98	181
548	291	108	183
549	271	99	172
550	277	98	179
551	278	103	175
552	268	96	172
553	272	99	173
554	275	104	171
555	273	102	171
556	276	96	180
557	278	94	184
558	281	102	179
559	281	108	173
560	284	99	185
561	294	100	194
562	305	104	201
563	283	105	178
564	289	108	181
565	279	109	170
566	286	112	174
567	279	111	168
568	284	113	171
569	284	113	171
570	277	115	162
571	283	117	166
572	295	120	175
573	290	119	171
574	286	113	173
575	282	113	169
576	297	116	181
577	300	124	176
578	291	118	173
579	297	115	182
580	290	111	179
581	290	114	176
582	281	111	170
583	277	108	169
584	268	100	168
585	267	101	166
586	280	114	166
587	281	113	168
588	286	117	169
589	296	119	177
590	294	116	178
591	295	117	178
592	278	108	170
593	280	107	173
594	288	113	175
595	285	109	176
596	279	107	172
597	290	110	180
598	291	113	178
599	283	110	173
600	282	108	174
601	286	112	174
602	281	108	173
603	281	107	174
604	289	110	179
605	299	118	181
606	290	113	177
607	292	115	177
608	283	111	172
609	287	116	171
610	298	116	182
611	303	112	191
612	287	107	180
613	284	106	178
614	285	110	175
615	288	110	178
616	290	111	179
617	289	113	176
618	292	120	172
619	294	115	179
620	294	110	184
621	287	114	173
622	286	110	176
623	293	109	184
624	292	112	180
625	289	113	176
626	287	110	177
627	278	105	173
628	282	106	176
629	283	102	181
630	288	102	186
631	287	106	181
632	277	108	169
633	277	108	169
634	276	109	167
635	286	114	172
636	293	117	176
637	278	113	165
638	290	117	173
639	289	123	166
640	292	120	172
641	289	121	168
642	289	119	170
643	280	113	167
644	267	106	161
645	269	108	161
646	280	109	171
647	284	112	172
648	284	111	173
649	289	117	172
650	289	122	167
651	284	115	169
652	282	110	172
653	280	109	171
654	284	108	176
655	285	110	175
656	285	109	176
657	274	105	169
658	269	98	171
659	285	107	178
660	287	106	181
661	275	98	177
662	265	92	173
663	273	93	180
664	284	109	175
665	288	112	176
666	287	110	177
667	279	107	172
668	273	106	167
669	287	114	173
670	287	115	172
671	275	110	165
672	275	102	173
673	273	107	166
674	278	112	166
675	278	106	172
676	278	111	167
677	275	110	165
678	270	111	159
679	282	119	163
680	280	116	164
681	287	115	172
682	287	116	171
683	278	113	165
684	287	113	174
685	293	116	177
686	285	115	170
687	291	116	175
688	296	124	172
689	284	119	165
690	289	125	164
691	283	121	162
692	284	120	164
693	285	120	165
694	279	117	162
695	270	111	159
696	265	114	151
697	277	118	159
698	262	114	148
699	271	119	152
700	278	119	159
701	277	119	158
702	276	120	156
703	283	120	163
704	282	117	165
705	274	121	153
706	280	123	157
707	290	131	159
708	283	121	162
709	283	122	161
710	286	123	163
711	284	123	161
712	286	119	167
713	283	118	165
714	288	120	168
715	276	111	165
716	272	114	158
717	285	117	168
718	282	114	168
719	282	120	162
720	286	114	172
721	280	117	163
722	293	124	169
723	297	125	172
724	283	121	162
725	284	125	159
726	266	124	142
727	279	125	154
728	279	117	162
729	275	123	152
730	275	124	151
731	282	125	157
732	283	125	158
733	288	127	161
734	290	128	162
735	289	123	166
736	283	121	162
737	284	122	162
738	280	117	163
739	285	122	163
740	281	117	164
741	283	115	168
742	287	119	168
743	286	122	164
744	278	117	161
745	277	114	163
746	284	115	169
747	282	112	170
748	278	110	168
749	285	111	174
750	282	106	176
751	270	100	170
752	271	108	163
753	268	103	165
754	276	106	170
755	276	103	173
756	264	105	159
757	266	101	165
758	267	109	158
759	274	111	163
760	286	116	170
761	283	112	171
762	277	111	166
763	288	114	174
764	291	117	174
765	299	122	177
766	296	116	180
767	296	117	179
768	303	120	183
769	293	115	178
770	301	121	180
771	286	119	167
772	286	121	165
773	287	122	165
774	276	112	164
775	280	119	161
776	284	116	168
777	290	121	169
778	279	114	165
779	282	111	171
780	277	110	167
781	278	111	167
782	281	116	165
783	282	116	166
784	282	117	165
785	291	121	170
786	288	122	166
787	284	125	159
788	278	116	162
789	285	120	165
790	295	126	169
791	292	122	170
792	294	118	176
793	294	121	173
794	278	116	162
795	287	122	165
796	291	122	169
797	283	119	164
798	277	117	160
799	278	114	164
800	273	114	159
801	278	124	154
802	278	123	155
803	276	119	157
804	273	114	159
805	280	117	163
806	280	117	163
807	282	116	166
808	280	112	168
809	272	111	161
810	271	111	160
811	284	120	164
812	281	115	166
813	267	112	155
814	272	115	157
815	280	116	164
816	287	119	168
817	279	115	164
818	282	117	165
819	281	115	166
820	280	110	170
821	281	110	171
822	272	106	166
823	275	107	168
824	288	110	178
825	289	112	177
826	287	112	175
827	285	109	176
828	272	101	171
829	285	106	179
830	290	102	188
831	284	104	180
832	288	111	177
833	286	113	173
834	289	114	175
835	297	114	183
836	298	117	181
837	294	118	176
838	287	114	173
839	291	112	179
840	284	110	174
841	284	108	176
842	284	110	174
843	295	107	188
844	295	107	188
845	300	110	190
846	300	114	186
847	303	114	189
848	294	104	190
849	282	106	176
850	276	105	171
851	284	112	172
852	275	108	167
853	281	109	172
854	279	103	176
855	287	110	177
856	282	112	170
857	281	107	174
858	283	110	173
859	294	111	183
860	281	107	174
861	285	115	170
862	289	115	174
863	289	118	171
864	286	116	170
865	293	117	176
866	288	116	172
867	290	118	172
868	280	108	172
869	277	110	167
870	271	111	160
871	271	114	157
872	276	112	164
873	281	116	165
874	278	111	167
875	275	112	163
876	280	117	163
877	274	113	161
878	279	115	164
879	263	111	152
880	275	114	161
881	276	118	158
882	284	119	165
883	277	117	160
884	274	118	156
885	272	114	158
886	277	113	164
887	279	118	161
888	270	109	161
889	277	111	166
890	277	114	163
891	285	116	169
892	284	115	169
893	272	116	156
894	277	117	160
895	283	117	166
896	289	117	172
897	284	114	170
898	278	115	163
899	288	114	174
900	284	114	170
901	286	117	169
902	280	109	171
903	280	106	174
904	289	111	178
905	284	109	175
906	279	110	169
907	286	116	170
908	288	118	170
909	295	120	175
910	299	123	176
911	288	118	170
912	287	115	172
913	288	110	178
914	291	120	171
915	295	110	185
916	279	103	176
917	286	104	182
918	288	106	182
919	279	104	175
920	276	107	169
921	274	106	168
922	273	111	162
923	272	116	156
924	287	121	166
925	274	119	155
926	286	122	164
927	291	127	164
928	288	126	162
929	285	123	162
930	288	120	168
931	284	121	163
932	274	117	157
933	264	116	148
934	269	116	153
935	269	119	150
936	268	114	154
937	271	114	157
938	266	109	157
939	279	112	167
940	278	111	167
941	273	110	163
942	278	110	168
943	270	108	162
944	286	117	169
945	282	117	165
946	283	118	165
947	292	118	174
948	292	117	175
949	282	109	173
950	273	107	166
951	277	109	168
952	287	113	174
953	285	114	171
954	292	118	174
955	294	125	169
956	291	125	166
957	279	116	163
958	270	112	158
959	282	117	165
960	287	113	174
961	274	111	163
962	283	112	171
963	280	116	164
964	277	116	161
965	273	111	162
966	272	108	164
967	275	99	176
968	275	99	176
969	275	103	172
970	278	103	175
971	279	103	176
972	277	104	173
973	291	116	175
974	299	112	187
975	297	114	183
976	293	114	179
977	281	107	174
978	285	109	176
979	280	109	171
980	284	116	168
981	272	114	158
982	274	115	159
983	273	108	165
984	273	107	166
985	284	114	170
986	276	114	162
987	276	117	159
988	275	119	156
989	265	116	149
990	259	116	143
991	272	121	151
992	279	118	161
993	273	116	157
994	264	112	152
995	279	108	171
996	286	107	179
997	282	104	178
998	276	102	174
999	288	110	178
